NATIONAL_RAIL_TOKEN=b3acf7fa-ccc7-433a-892c-bdcdca18ccf2
STATION_CODE=HNH
ROW_COUNT=16
BUS_STOP_ID=490004401N
TFL_SUBSCRIPTION_KEY=76b54a1304644891917f92357d01d111
LATITUDE=51.450848
LONGITUDE=-0.115857